 +3.9875  -0.1227  +2.6923
 +3.0415  +4.9301  +0.1058
 -5.0467  +5.5519  +6.7831
 +1.2202  +5.8236  +6.2419
 -2.9839  +2.8883  +0.6640
 +1.9644  +7.8946  +4.2975
 +0.6058  +3.9687  +6.2291
 +1.8232  +7.1738  +5.3865
 -2.3743  -0.4908  +2.9700
 +1.5033  +7.5088  +5.3884
 +0.1813  +3.4251  +6.2462
 +2.5987  +6.4222  +1.2633
 +1.5312  +6.9034  +6.1418
 +0.5414  +4.4244  +5.8047
 +4.5060  +1.0268  +4.6834
 -1.6851  +1.0744  +5.1921
 +0.1996  +4.9773  +6.5719
 +2.1542  +7.9366  +3.6661
 +0.3798  +4.2493  +5.7658
 +3.3251  +3.8009  +0.5131
 +5.3257  +2.3204  +6.3802
 +1.6061  +7.1815  +6.3860
 -2.6450  +1.5218  +0.2247
 +2.8533  +5.8299  -0.0475
 -2.0637  +0.4232  +3.9119
 +2.8888  +5.8518  -0.0088
 -0.9403  +3.3715  +6.6002
 -1.6585  +0.5373  +5.4289
 +1.5786  +7.5880  +6.8519
 -2.7171  +2.2996  +0.6427
 +3.3914  +2.1096  +0.1355
 +4.8809  +1.5502  +6.8644
 -4.9810  +6.8562  +7.0410
 -3.2004  +4.4846  -0.3200
 +1.2512  +6.1748  +6.8162
 -0.2454  +3.9668  +6.4153
 +3.4665  +1.7747  +0.0946
 -1.1339  +2.6354  +7.0376
 -2.9249  +2.1517  +0.2602
 -3.3214  +5.8259  +0.8977
 +4.4409  +0.2644  +4.4090
 +0.2096  +4.5438  +5.7584
 -2.0331  +0.7419  +4.1826
 +0.4744  +4.2567  +6.3826
 +4.6588  +1.3697  +5.6368
 +1.1271  +6.0084  +6.5590
 -0.6984  +4.1320  +6.3672
 +0.5780  +5.0248  +6.3998
 -3.3078  +5.9093  +0.2320
 -3.0549  +3.3163  +0.1413
 +1.0955  +6.0441  +6.1341
 -3.5934  +5.9448  +1.1712
 -1.2217  +1.6913  +7.1687
 +0.8133  +4.6109  +7.4875
 +3.7370  +1.4809  +1.5747
 +4.1445  +0.6290  +3.1827
 -1.1031  +1.1121  +6.9408
 -5.2293  +5.4800  +6.3148
 +1.2453  +6.2507  +6.6150
 +1.0481  +5.1241  +6.3334
 +2.7648  +6.3574  +0.6606
 -0.0857  +4.1419  +5.8483
 +1.0527  +5.7025  +7.3696
 -3.3573  +5.7634  -0.1250
 -3.4590  +5.5209  +0.5795
 +3.2465  +4.5028  -0.2482
 +1.8218  +8.8853  +5.4837
 -1.2974  +2.3653  +7.1568
 -0.5177  +3.7132  +6.7778
 +1.6651  +7.0018  +6.1893
 +0.4977  +4.1515  +6.3797
 -1.4782  +1.2420  +6.2941
 -0.2635  +3.3480  +6.1222
 +0.5278  +4.4009  +5.1876
 +0.2160  +4.3935  +5.4274
 +2.1582  +8.4719  +2.8201
 +4.0955  -1.2813  +3.0407
 +0.5028  +4.0994  +7.1191
 -1.0312  +2.5668  +7.1278
 +4.1822  +0.3156  +3.7700
 -2.8673  +2.0196  +0.6933
 +4.1276  +0.4563  +3.3577
 -0.1152  +4.2265  +5.8036
 -0.0756  +2.5064  +5.9807
 +3.7234  +0.1194  +1.6899
 -2.5910  +1.3898  +1.1189
 +1.0878  +5.2164  +6.4524
 +6.5145  +4.0647  +6.3093
 -1.6834  +1.1581  +5.8758
 -1.8602  -0.1200  +5.0781
 -0.0647  +3.4761  +5.7071
 +3.0351  +4.9391  -0.0964
 +6.1366  +4.1390  +5.3188
 -1.5737  +0.9963  +5.9775
 +0.4755  +3.7021  +7.3615
 -4.9282  +5.9976  +6.4901
 +4.2554  +0.6356  +4.0911
 +2.1770  +7.8446  +3.3790
 +1.8535  +7.6115  +4.4778
 +1.9817  +8.2344  +4.6980
