-14.8848  -3.0050  -7.2373
 -0.4825  +0.3237  -2.4615
 -9.6702  -3.7721  -3.3685
 +2.5446  -8.1611  +3.3595
 +7.6720  -0.6435  +9.4024
-10.0909  -6.9730  +4.9448
 +9.8013  -6.7969  +1.8674
 -3.7587  -7.7228  +3.9433
 +7.5171  +4.0999  +8.8597
 +0.9819  +7.4567  +2.4874
-17.9863  +5.8577  -0.3102
+15.4154  -4.9067  -3.2689
 +0.6575  +1.7690  -0.6058
 +0.2986  +3.1840  +4.7865
 +6.2735  +8.0345  -0.2204
 -3.7176  -8.1523  +2.8479
 -5.7272  +0.4312  +0.8834
 -1.1479  +6.5534  -7.1509
 +6.6158  +2.5557  +4.3690
 -0.9488  +7.0765  -1.2946
 +3.7499  -7.8493  -3.6927
 +2.3237  -3.6230  +6.9721
 +5.2580  +7.6406  -3.6082
+12.6533  +7.4222  +2.0912
 -0.2283  +5.0539  -4.5245
 -2.0392  +0.3979  -3.2948
 +5.4236  +5.8061  -0.1062
 +3.9427  -3.7247  -7.0466
 +0.2136  +5.2922  +4.3676
 +0.9889  +7.3850  +2.7555
 +9.8246  -7.0926  +1.6593
-12.2598  +3.3389  +4.3937
 -4.9295  +0.4232  +9.4238
 -3.1160  -0.1648  +0.5216
 +0.5967  +0.9825  +0.3967
 +4.0619  -1.0588  -6.1909
+12.7487  +6.2574  +3.8266
 +0.3763  +1.7480  +4.2481
 -4.8644  -1.2228  +9.2164
 -8.9191  -7.9407  -0.6894
 +5.9035  +1.6759  -4.0957
 -8.1572  -1.6234  -1.2232
 -6.7442  +0.7413  -2.4449
+11.6825  +6.3269  -0.1193
 +4.6792  -4.1992  -5.1357
-15.4258  -4.8735  +3.0100
 +1.8902  -0.9765  +1.1322
 +5.1926  +7.0693  -5.4794
 -2.3864  -5.0808  -6.7130
 +4.1275  +0.0408  -5.5828
 +2.5621  -7.9868  +2.9113
 +1.8559  -1.4101  +1.5442
 +2.8226  -5.4211  -3.0697
 -8.3105  +0.5991  -2.9188
 -6.8686  +0.5405  -0.3735
 +2.2279  -1.2251  +6.3836
 -9.5876  -1.6643  -2.9336
 +2.0006  +0.3004  +2.6116
+15.7727  -0.3535  +1.3382
 +9.3095  -1.0862  -2.4273
 -1.2607  +3.6739  -9.0827
 +2.0506  +0.6105  +3.2862
 +5.5565  +2.8108  +1.2276
 +7.7347  -2.1262  +8.6103
 +6.1531  +6.9760  -3.0303
 -1.4613  -2.2788  -8.4642
 +4.1982  +0.4336  -4.1305
 +8.2275  -0.2541  +2.1029
 -8.1295  -1.7617  -1.6595
 +5.1970  +7.1491  -5.2714
 -0.7186  +2.6252  +0.8298
 +2.6313  -8.1766  +1.2415
 -2.3339  -3.4129  -7.0344
 -1.9810  +0.2752  -2.4445
 -2.3516  -4.1058  -6.9406
 -1.1577  +5.9417  -7.2070
+12.8542  +3.7687  +4.5323
 -4.0121  -2.1363  +6.9521
 +2.7097  -7.6442  -1.0707
 -0.8219  +5.0623  +1.1214
 -9.0799  -6.0411  +2.5454
 -5.4519  +5.2494  -0.5586
 +4.3106  +0.0295  -2.2572
-10.3000  -2.1677  +6.9954
 -2.6199  -8.3070  -1.4792
 +1.1352  +6.6976  +6.6881
 -3.6267  -8.2209  +0.6827
 -0.4170  +0.9276  -3.3904
 +0.1500  +6.5475  +3.6226
+15.3029  -7.3288  -1.4643
 -1.3602  +0.4459  -9.5685
 +6.6423  +2.0356  +4.1033
 +0.0725  +7.7268  +1.9439
 -2.0333  +0.9025  -3.2561
 +0.3813  +1.5049  +4.0090
 -5.0954  +5.4774  +7.8346
 +0.0057  +8.0000  -0.2708
-11.0659  -3.0960  +7.5020
 -0.4575  +0.7067  -2.8027
 -1.7741  -3.2866  -2.2667
 +4.2291  +0.4899  -3.6520
 +1.4414  -1.8717  +8.8182
 -1.0847  +7.1142  -5.2598
 -1.9478  -0.3960  -2.1332
 +5.8313  +0.4717  -2.8811
 +1.6457  -4.3659  +4.0867
 +2.8706  -4.2436  -3.5294
 -7.0605  +4.2152  +1.4493
 -2.5038  -7.5024  -4.8445
 +0.2967  +3.2327  +4.6989
 +8.1994  -0.3461  +2.0411
 -7.3169  +7.4672  -4.0290
 -1.5830  -4.2827  -5.6856
 +3.2428  -0.5844  +2.1213
 -3.3110  -2.1267  -3.1102
 +4.8485  -1.5535  -9.0674
 -2.2592  -2.0268  -6.7401
 -7.4823  +5.2160  -8.2827
 +9.0666  -6.3999  -2.4675
 -3.1099  +0.0649  +0.5999
 -0.9786  +7.7142  -2.0788
 -5.3007  +7.4022  +2.5472
 +4.9987  +2.4515  -9.4467
 +6.0649  +5.0573  -4.4831
 +5.9711  +2.7902  -4.8611
 -4.2646  +0.2902  +2.9994
 -0.6452  +1.2497  +0.7947
 -0.4391  +1.0073  -3.2883
 -2.7068  -8.0392  +0.8455
 +6.9190  +0.8942  -0.4480
 +3.1443  -0.0532  +0.0499
 -6.9452  +1.8432  +0.8771
 -7.7920  -3.2584  -7.1346
 +1.6939  -4.1112  +3.0619
 -9.7261  -5.1962  -3.3402
 +9.4726  -0.2545  +0.9330
 -2.9492  -2.5095  +3.3211
 +2.9039  -3.3751  -3.5950
 -1.5381  -3.4421  -6.7139
-12.5408  +7.7669  +0.8679
 +3.1601  -0.1655  +0.5975
 +2.3977  -5.1897  +6.1932
 -1.8744  -1.2568  -1.7568
 +0.8423  +5.5720  -0.7402
 +3.1511  +0.0050  +0.0263
 -4.9448  +1.1756  +9.7033
+12.6303  +7.6360  +1.5401
 +0.3102  +2.7603  +4.7394
 +8.5095  -0.9379  +6.5664
 -0.3908  +1.1336  -3.7101
 +7.0687  +4.4935  -1.0485
 +5.4716  +4.6422  +0.7401
 +0.2256  +4.9505  +4.3807
 -5.3322  +7.3112  +1.4597
 -4.1459  +0.4027  +5.1086
 -1.0011  +7.3982  -3.1160
 -5.1590  +6.8080  +6.2339
 +3.0081  -1.2132  -2.6100
 -2.5956  -8.4085  -2.1464
 -2.8610  -4.5108  +3.4199
 +1.6580  -4.1347  +3.8000
 +3.0468  -0.6839  -2.0200
 -2.2781  -2.3480  -7.1657
+10.0864  -6.9501  -5.1555
 -5.1109  +5.5828  +7.6934
 +5.2864  +7.6513  -2.8675
 +0.6329  +0.9321  -0.6409
 -8.2753  +0.6024  -2.5065
 +0.5049  +0.4618  +1.9735
 +4.4794  -2.3860  -1.6774
 -1.5424  -3.8240  -6.7099
 +5.6075  +1.8308  +0.9369
-16.1111  -7.3738  -1.3217
 +1.4855  -2.5226  +8.2371
 -7.5310  +3.8520  -8.9715
 +0.9596  +7.4905  +1.8549
-15.1071  -8.0145  -3.7377
 +3.7027  -8.4485  -2.7018
 +2.6517  -8.3619  +0.5785
 +5.8109  +0.5182  -2.5070
-12.7259  +6.4547  -3.7101
 -1.0756  +7.0642  -5.3122
 -3.7865  -7.2249  +4.8607
 -2.8445  -4.8913  +3.6053
 -1.9330  -0.4720  -1.8665
 -7.1741  +6.4115  -0.3846
 -9.0434  -6.7065  +1.9435
 +6.3632  +7.3825  +1.8868
 -4.9518  +1.3482  +9.4946
 +9.8304  -7.1645  +1.2973
 -3.9978  -2.4309  +6.9689
 -6.1851  +7.2002  +2.3741
 +8.8823  -8.1530  +2.0847
 +3.9855  -2.7358  -6.9265
 -0.1974  +5.4631  -4.2144
+12.0775  +0.3192  -2.2334
 -7.2615  +7.4749  -2.4365
-14.3795  -2.2450  -1.7915
 -4.4703  -2.1979  +1.6103
 +3.1697  -0.1095  +0.8624
 -3.3269  -2.3141  -3.0921
 +8.3726  +0.5660  +4.1633
+12.2992  +4.0177  -4.6454
 +9.7209  -4.8557  +2.9443
 -1.4695  -2.3784  -8.0979
 +4.3867  -0.6862  -1.3862
 -3.5038  -6.4114  -2.5391
+18.6667  +6.1125  -4.2469
 +2.3902  -5.1339  +6.5855
 +7.2567  +7.4788  +2.0883
 -9.5655  -1.2609  -2.7467
 -6.7818  +0.2998  -2.4284
 -2.8609  -4.4717  +3.3655
 -4.4377  -1.9387  +1.6116
 -3.8665  -5.7169  +6.2005
 +7.8155  -3.7897  +6.9149
 -2.0565  +0.6181  -3.8744
 -2.1730  +0.0749  -5.9558
 -6.0348  +4.4693  +4.5388
 +5.4190  +5.4764  +0.1505
 -7.9083  -4.3226  -4.5714
 -3.8767  -5.5279  +6.5472
 +2.6382  -8.0155  +1.0274
 +2.5449  -8.1609  +3.5515
 +7.0844  +4.7417  -1.1582
 +8.6567  -4.6695  +6.7602
 +1.4326  -1.6687  +8.5533
 +0.3847  +1.5341  +3.6280
 -0.7489  +3.4880  +1.1475
 +2.4786  -7.0590  +5.0535
+17.0955  -3.1027  -2.1219
 +3.3982  -4.1851  +3.3901
 -7.1047  +5.1374  +0.7626
 +3.0198  -1.0832  -2.1236
 -3.6603  -8.3244  +1.3751
 +4.0032  -2.4345  -7.0753
 +9.3908  +0.0059  -0.9103
 +3.4644  -5.5509  +2.7947
 -2.5588  -8.1363  -2.8985
 -3.6884  -8.3595  +2.2691
 -0.5880  +0.4750  -0.4649
-11.6513  +6.8409  +0.7708
 -6.6989  +0.9983  -3.6381
 -3.1015  -0.0113  +0.9153
 -5.4272  +5.9911  -0.5325
 +3.2133  -0.2741  +1.6569
 -0.8102  +4.8859  +1.1158
 -0.2839  +3.5389  -4.5211
 -0.9235  +6.9078  -0.9094
 -7.4134  +6.3733  -6.7841
 -5.5688  +2.6977  -0.9754
 -1.9236  -0.6462  -1.8296
 +3.7570  -7.7010  -3.6848
 -2.3407  -4.0056  -7.2832
 -3.4110  -4.2984  -3.4561
 -3.2965  -1.6685  -2.8627
 -2.8995  -3.6717  +3.5191
 +4.9329  +0.7883  -9.4869
 +5.8758  +1.2825  -3.7777
+10.0442  -7.7159  -4.0958
 -5.0270  +3.6522  +9.2582
-10.4444  +0.3355  +4.6851
 +1.3952  -0.4421  +9.1333
 +1.4707  -2.3176  +8.0647
 -9.6205  -2.5713  -3.2408
 +3.0176  -1.0608  -2.3558
 -1.0893  +7.1501  -5.4622
 +7.5892  +1.9383  +9.3364
 -5.1460  +6.3231  +7.1167
 -5.2766  +7.5907  +3.1292
 +2.9173  -3.1465  -3.4386
 +5.3114  +7.1797  -2.0087
 -4.1498  +0.1557  +5.0287
 -6.1108  +5.9884  +3.7124
 -2.7270  -7.3593  +1.5176
 +4.5557  -3.6937  -2.8422
 -2.1787  -0.4128  -6.1912
-10.8640  -3.6553  +2.8751
 +3.5366  -7.0954  +1.7530
+11.1396  -1.4567  -8.9701
 -4.1080  -0.0720  +5.6085
 -4.5231  -3.3754  +1.8233
 +4.1572  +0.3925  -4.6895
 +3.3638  -2.9908  +3.5176
 -2.9277  -2.7947  +3.4811
 -7.1734  +6.3757  -0.0783
 +2.7243  -7.6380  -1.2123
 +0.0370  +7.8627  +1.0681
 +4.5883  -3.7998  -3.0912
 -4.7106  -4.0488  +5.9317
+11.7139  +5.7516  +0.1964
+10.0664  -7.4308  -4.6765
 -4.2973  +0.0841  +2.4756
 +8.8307  -7.9660  +3.3830
 -3.7243  -8.2552  +3.1070
 -5.5388  +2.9682  -1.2729
 -2.5985  -8.1983  -1.7922
 +5.8852  +1.1630  -4.0483
 -7.9922  -3.4796  -3.0627
 -2.2264  -1.4720  -6.4788
 +3.7199  -8.4534  -3.0455
 -3.7757  -7.4541  +4.3918
 +5.1749  +6.6205  -6.1075
 -3.4767  -5.5679  -2.6132
 +4.0440  -1.4403  -6.1717
 -8.0459  -3.0741  -2.1521
 -2.1418  -0.0027  -5.2343
 +1.3051  +1.9004  +9.7686
-10.7087  -1.5569  +1.6708
 -0.1951  +5.7642  -3.9076
 +0.7575  +3.6975  -1.2290
 -7.0922  +4.7541  +1.0334
 +3.3560  -3.0226  +3.4154
 -0.6435  +1.1798  +0.5859
 +2.4712  -7.0013  +5.1473
 -7.8475  -4.0409  -6.2593
 -8.8269  -7.9317  -3.3914
 +4.8554  -1.4747  -8.8891
 -9.7968  -6.5486  -2.0776
 -5.5170  +3.8611  -1.3308
 +5.7245  +0.4488  -0.7769
 -4.9367  +0.8164  +9.6840
 +8.5008  -0.8035  +6.3526
 +0.8121  +4.6947  -0.7539
 -0.4599  +0.5659  -3.1012
 +9.9838  -8.3108  -2.5830
 +7.5275  +4.1208  +9.2380
 +1.0801  +7.1203  +5.5559
 -5.5183  +3.6378  -1.1438
 +7.4220  +6.5716  +6.9888
 -5.4123  +6.4310  -0.0787
 -6.7616  +0.5148  -2.4504
 +5.8625  +1.0158  -3.5281
+12.8159  +4.5704  +4.2414
 -1.3407  +1.0896  -9.7400
+12.1120  +0.7655  -3.0888
-11.6834  +6.3237  +0.1371
 -4.9967  +2.5904  +9.3640
 -3.5336  -6.9469  -1.7454
 -5.8101  +0.7943  +2.4362
 +3.6251  -8.1354  -0.1873
 +8.6128  -3.3484  +6.8646
 -1.0803  +7.3020  -5.2758
 +9.3951  -0.1925  -0.6855
 -0.6415  +1.6293  +0.5563
 -0.6766  +1.9291  +1.0632
 +7.8186  -3.7523  +6.7832
 +7.7745  -2.8851  +7.5026
 -9.5607  -1.2564  -2.5694
 +0.7025  +2.1141  -1.0565
 +1.0873  +6.8355  +5.4963
-10.1949  -4.4169  +6.6372
 +1.8360  -1.8937  +1.3459
 -5.1400  +5.9041  +6.9423
 -5.5117  +4.1600  -1.2243
 +2.4206  -5.6769  +6.1908
 +3.0231  -0.8959  -2.2942
 +2.1562  -0.1709  +5.4425
 +4.8970  -0.1152  -9.1518
 -1.3589  +0.4942  -9.4065
 +5.1657  +6.7866  -6.3312
 +3.7766  -7.4285  -4.4001
 +0.6197  +1.0224  -0.3621
 +4.3225  +0.0318  -2.2951
 +1.2706  +3.4300  +9.4397
 -3.2148  -0.3209  -1.2921
 +9.7958  -6.6219  +2.0002
 +5.5427  +3.2066  +1.3470
+17.1137  -3.5078  -2.5579
 -1.0697  +7.2676  -4.4696
 +0.4115  +1.3199  +3.6368
 +8.5677  -2.3797  +6.9671
 +7.3179  +7.4414  +3.5559
 -0.9547  +7.2761  -1.4967
 -8.0365  -3.0252  -2.1766
 +3.7554  -7.8916  -4.1102
 -6.5561  +3.7438  -4.8440
 +2.1415  +0.2194  +5.2595
+18.3993  +0.6565  -2.9523
 -6.5560  +3.7090  -4.5409
+10.4453  +0.5548  -4.8023
 +8.9518  -7.8801  +0.1008
 +3.8153  -6.9437  -5.4863
 -0.0601  +7.7305  -1.6128
+10.2642  -2.9884  -6.8150
 -9.8980  -8.0284  -0.0159
 +8.5537  -2.2567  +6.9091
 -5.2648  +7.5313  +3.5799
 +3.9875  -2.6004  -7.0617
 +8.0096  -3.2492  +2.5137
 -8.4015  +0.3536  -4.5180
 -6.6109  +2.5321  -4.2686
 +7.5376  +3.5795  +9.0343
-11.4053  +6.3337  +7.5696
 +4.2003  +0.5348  -3.9968
 -9.5851  -1.6983  -2.8935
 -2.4527  -6.4984  -5.7367
 -3.5873  -7.6388  -0.5388
 -4.6137  -3.8235  +3.8115
 -3.8679  -5.6546  +6.2203
