 +7.0922  +5.9859 +42.4827
 -0.9902  +1.7273  +6.1232
 -2.0692  +6.7529 +34.6087
 -1.2109  +1.2136  +3.7762
 +7.8067  +3.6049 +35.5567
 -7.4439  +7.6542 +35.7898
 -0.9862  -4.3996  -6.4506
 -4.6242  -1.1121  +5.6553
 -0.1897  +4.9999 +24.1794
 -2.3077  +0.2952  +7.4331
 -5.0144  +7.4483 +37.8860
 -3.3770  -1.9273  +1.0585
 +4.5546  -4.0956  +6.6873
 +3.4675  -1.4072  +6.9684
 +3.9342  +5.3919 +34.1991
 +3.1603  +1.9309 +16.8551
 -1.6812  -0.6836  -4.6780
 +0.6038  +5.3693 +30.3429
 -0.3414  +3.8691 +19.0256
 -4.8571  -9.1516 -11.9122
 -0.4371  +1.0210  +3.9559
 +3.5154  +2.7667 +21.2433
+10.1046  -2.5907 +23.4800
 +9.4320 -11.2671  +1.7480
 +3.6103  -3.7846  +3.6182
 +5.2634  -9.6116  -1.6864
 -2.1548  +2.9504 +14.5098
 -5.4856  -4.2045  -4.5318
 -9.2960  +4.8367 +24.2497
 -3.8103  -5.1518  -6.8733
 -8.6685  -0.9112  +6.0435
 +7.0238  +4.5037 +34.7987
 -3.3263  -3.5369  -5.5333
 +3.4007  +2.9171 +20.3830
 +1.6852  +2.4460 +16.7457
 -6.7042  +5.5608 +30.7489
 +5.9674  -1.7646 +13.8735
-10.4154  +7.6584 +38.4663
 -7.9194  -5.9240  -7.8436
 -2.6980  -2.3767  -2.0801
 +0.7633  -5.6878  -4.5229
 +6.0970  -1.1238 +12.1322
 -2.1802  +8.8021 +42.1992
 +8.6824  +4.1539 +39.8264
 -1.6857  +2.5869 +12.8231
 -3.9047  +3.7982 +17.1486
 +2.3217 -11.2130  -9.0887
 -0.8219  +3.5513 +17.1066
 +9.0530  +1.2126 +31.6837
 -6.3026  -0.6749  +3.8130
 -1.0112 +11.5588 +58.3575
 +2.4996  -9.9252  -6.0867
 +0.3487  -3.4146  -2.8064
 -0.3728  +5.9690 +27.5550
 -7.6043  +6.3325 +32.0046
 +3.3687  -0.2607 +15.2234
 -4.0633  -3.3356  -7.4007
 +4.4752  -5.9383  +1.9918
 -2.0855  -7.4155  -7.0864
 +6.3153  -3.3878  +9.8489
 -2.5951  -0.6645  +1.1176
 +0.3392  +1.5409  +7.6376
 -0.1715  +3.3045 +14.5902
 -0.5925  -0.7459  -2.8269
 -1.5984  +4.8535 +22.6846
 -6.5914  -9.0754 -10.2768
 +7.0384  +3.0726 +33.1773
 -2.5899  -1.0676  -1.7116
 +0.4620  +4.2697 +20.0657
 +6.5667  -6.7099  +5.9738
 +2.1839  +2.6195 +19.6236
-10.8279  -0.8924  +7.8227
 +1.1097  -5.4125  -0.6612
 -2.0938 -11.9573 -13.8724
 +0.4981  +3.1960 +20.6871
 +6.2965  -7.0695  +2.5893
 +6.4071  -5.4076  +4.2777
 -4.2688  +1.7290 +10.8143
 -4.2422  -6.3316  -8.8673
 +1.6813  +8.5900 +44.4451
 -3.3816  +2.0166 +12.8139
 -1.2153  -3.9665  -4.2985
 +4.1402  +2.9844 +21.2269
 -5.6528  +2.0444 +10.9865
 -1.2978  +2.6434 +12.2858
 -2.5063 +13.0429 +64.2740
 -4.6269  -4.7178  -5.1148
 +1.5476  -5.1136  -6.3571
 +6.0690  +4.6209 +34.7455
 -2.5707 +10.0539 +47.8076
 +3.4205  +1.5877 +14.4757
 -0.0366  -3.7048  -0.9011
 +2.2159  +8.1518 +45.9131
 +8.4337  +0.1453 +24.3724
 -6.3799  +3.7020 +18.5058
+11.4256  +9.2625 +68.5040
 +0.9313  -4.3438  -1.4155
 -3.8438  -8.0550  -8.7393
 -0.3718  -5.1184  -4.0116
 +0.7583  -1.2191  +1.6433
 +7.1502  -6.5265  +7.1607
 -6.9383  +2.9751 +12.7158
 -1.6423  -0.8305  -0.6263
 -2.0038  +8.1174 +36.7730
-13.8413  +5.0874 +32.2125
 -0.3669  +1.7167  +6.1345
 +4.2900  +2.0594 +20.4243
+12.3993  -4.6970 +25.7215
-10.8576  -0.5797  +6.2649
 +7.2638  +5.5089 +44.5832
 -1.3282  +3.8253 +20.6310
 -2.8488  -1.7004  -1.5294
 +2.6710  -0.4147  +7.2845
 -1.1734  +3.6308 +18.3370
 +1.1035  +0.6770  +4.7599
 +5.1888  -3.6979  +7.6302
 +0.3565  +0.9485  +7.9244
 -5.7622  +2.4789 +11.9681
 -8.3329  -0.9294  +5.5469
 +1.5312  -2.1887  +0.7349
 +2.4671  +2.4366 +15.0291
 -4.3247  +4.2731 +20.0472
 +1.7874  -0.5289  +2.0229
 +0.7604  +2.8481 +14.6497
 +2.2162  -4.2702  +0.1369
 +1.0740  -1.1197  +0.1291
 -1.8712  -6.0828  -6.8611
 +7.0493  -3.3663 +11.4054
 -1.8315  +2.8015 +14.8506
 +4.1260  +5.8723 +37.0803
 -2.9159  +5.5698 +29.4223
 +3.4590  -1.2319  +6.8578
 -8.6158  +2.5406 +17.7195
 -3.0180  -2.4241  -2.5790
+11.3003  +1.0881 +35.1772
 -1.3638  +1.5582  +6.3679
 -0.7141  -9.9798  -7.7545
+10.3103  -1.9892 +23.8215
 -0.5956  +4.8528 +24.9744
 -0.5774  -0.5260  -2.0810
 -3.7804 -11.2994 -13.6355
 -4.9959  -1.0327  +4.4626
 +4.8547  -3.8569  +3.1610
 -1.2066  +1.4368  +4.3835
 +2.7246  +7.1082 +40.0974
 +0.0036  +0.4348  +1.2627
 +6.6262  +1.7442 +24.8113
 +2.9152  -3.1014  +3.1796
 +2.8910  +5.0222 +29.8619
 +3.6066  -4.5516  -2.2228
 +4.0883  -2.4799  +8.1144
 -8.8287 +10.4685 +48.0977
 +8.6832  +2.2174 +33.3925
 +2.1892  +2.0875 +13.8385
 -8.5365  -3.8547  -5.3307
 -4.2653  -5.8299  -7.6184
 +2.5990  -6.5445  -0.3777
 -4.0188  -4.5246  -7.2266
 -1.2168  +3.0670 +14.6739
 +1.7538  +0.6532  +5.3078
 -0.9567  +9.1648 +46.8957
 -4.4151  -1.2983  -1.3451
 +3.8932  +9.8585 +55.3229
 +8.1439  +8.2290 +57.3414
 +5.7290  -4.2063  +6.0885
 -7.1556  -5.4034  -2.9276
 +2.2000  +4.5635 +22.5238
 +0.2473  -6.1165  -4.6857
 +0.4133  +2.8780 +17.7484
 -2.0928  -3.5303  -1.8789
 -7.0425  -4.5697  -3.9949
 -7.6011  -1.1908  +6.3184
 -4.6006  +1.0315  +3.6433
 +5.8783  -1.9349  +8.1230
 +4.5572  -0.6767 +12.1872
 +6.5801  -4.5694 +11.2158
 -8.3807  -5.2352  -6.4368
 +0.5946  -4.6690  -0.8502
 +2.4397  -5.4156  -2.7342
 -5.2221  +3.6150 +20.6907
 +3.0567  +2.8883 +21.7424
 +1.0284  +4.5975 +24.5765
 -6.3890  +7.6310 +35.8530
 +6.3064  +0.3756 +17.8741
 -6.8201  -9.1832  -7.0414
 -9.1670  -2.1235  +3.2021
 -1.7675  -5.1097  -9.5741
 -5.3761  +6.0932 +26.4311
 +4.2626  +6.0477 +40.9528
 -2.2959 -12.6686 -12.1274
 +7.8036  -7.5420  +5.1315
 -3.2892  +2.3560 +12.8922
 -2.5796  +5.1253 +24.4304
 -1.6185  +0.4020  +4.2354
 -5.4877  -1.8642  -1.9168
 +0.4663  +0.7874  +6.0730
 -7.5032  +2.5247 +14.0304
 +3.2388  -7.2691  +0.3572
 -1.6791 +10.0336 +47.9144
 +2.6407  +1.8576 +13.7732
